[13 12 14 19 20 18 13 12 12 12 13 16 18 18 18 18 19 20 20 20 21 20 22 23
 22 22 22 22 22 23 23 22 23 24 24 24 25 27 29 27 25 21 20 20 20 21 24 28
 27 26 25 24 25 29 28 27 26 28 25 27 31 30 29 32 31 32 33 32 33 33 33 34
 28 27 24 25 24 29 31 30 29 29 29 30 31 32 31 31 32 30 29 32 33 33 34 34
 33 32 33 33 32 30 28 31 32 33 33 33 33 32 30 31 31 30 32 32 33 33 34 33
 30 29 27 25 25 27 28 30 32 34 32 30 33 29 30 28 27 25 23 23 23 23 23 22
 22 23 23 24 25 26 26 27 25 24 26 27 26 25 24 23 24 25 28 30 31 30 31 30
 31 31 31 31 31 30 30 30 30 28 27 25 25 26 28 28 28 28 28 28 28 26 25 23
 24 24 25 24 24 23 24 26 26 26 28 30 30 30 28 27 26 26 27 26 28 28 28 28
 29 29 28 28 28 27 25 25 24 23 23 23 24 25 27 32 30 25 21 21 22 24 27 29
 30 31 30 28 29 30 30 30 30 30 29 28 29 29 29 29 28 28 28 28 28 28 28 27
 26 25 29 30 22 19 19 21 28 30 30 29 25 25 25 24 25 28 25 25 26 27 28 28
 29 30 31 30 29 28 26 26 30 31 30 31 29 27 26 27 29 29 30 31 30 30 30 30
 29 30 30 30 28 29 28 28 30 30 30 29 27 28 25 23 24 26 29 29 30 31 31 31
 28 29 30 30 30 29 30 30 30 30 29 27 25 26 26 27 29 29 29 29 30 30 30 29
 29 27 26 25 25 25 22 24 24 25 25 27 29 30 29 28 30 31 30 30 31 31 28 30
 29 25 25 27 29 29 28 28 28 28 29 27 26 28 28 28 28 28 28 28 28 28 28 28
 27 26 26 27 25 23 22 23 24 27 27 26 25 27 27 23 22 25 24 26 28 28 25 25
 26 26 22 21 23 25 26 29 31 29 30 30 30 30 28 27 29 30 30 30 31 30 30 30
 30 25 24 24 26 27 27 26 27 28 30 30 29 28 26 24 24 29 30 28 26 25 26 27
 27 27 29 30 27 26 27 27 25 29 34 34 33 31 32 31 30 30 31 32 33 33 33 32
 33 30 29 29 29 28 29 31 31 32 33 34 34 34 33 31 30 31 31 30 32 33 33 33
 34 32 32 32 28 27 27 27 26 28 32 33 33 34 34 31 31 31 30 29 27 25 24 24
 25 28 29 29 29 29 28 29 30 29 27 26 26 28 29 29 29 29 29 28 29 28 29 30
 29 28 28 28 29 30 32 31 30 31 31 31 31 31 31 31 31 28 27 28 28 28 29 30
 29 28 28 28 28 28 29 29 29 29 29 30 31 31 31 32 31 32 32 31 32 33 33 32
 32 31 28 27 26 26 29 31 30 30 30 31 30 32 31 31 31 30 31 30 30 32 32 32
 31 30 29 27 26 25 25 27 28 28 30 29 27 24 25 26 26 28 30 31 31 31 32 32
 30 30 29 29 29 27 29 30 29 30 32 32 32 31 28 27 28 30 31 28 28 29 29 30
 31 31 32 31 30 29 30 31 30 28 29 29 28 29 30 30 30 31 32 33 33 33 32 33
 31 31 30 31 30 27 26 26 27 27 24 25 25 24 25 25 26 27 33 33 28 30 34 32
 33 33 34 32 33 34 31 34 34 34 34 33 33 33 33 31 32 33 33 33 33 33 33 35
 33 32 34 32 31 30 29 27 26 26 29 29 28 23 25 28 28 29 30 30 28 26 26 25
 25 26 28 29 30 30 31 32 31 33 33 33 32 33 33 30 27 26 25 25 25 25 26 26
 25 25 25 25 25 24 23 23 23 23 22 23 23 23 23 23 22 22 22 22 22 22 23 25
 27 29 29 29 27 26 27 26 26 25 24 25 24 24 27 27 27 27 28 29 29 27 26 27
 27 26 25 26 27 26 26 26 27 28 29 28 27 26 24 23 23 24 26 25 25 27 28 28
 27 27 26 25 23 23 24 24 24 23 22 22 24 25 25 24 24 24 23 23 24 25 27 28
 28 27 26 26 25 24 24 23]