[19 19 19 18 18 19 20 20 20 18 16 17 17 18 17 16 16 16 18 23 20 18 18 18
 20 23 24 23 24 20 17 20 21 21 22 23 20 23 23 24 24 23 24 26 26 26 25 26
 25 24 25 24 22 21 22 26 27 24 22 21 22 26 25 24 20 22 21 19 20 19 20 21
 21 19 19 19 22 25 25 26 24 21 20 20 23 25 26 26 26 26 27 27 26 26 27 27
 27 24 23 21 23 21 20 20 23 26 25 26 25 25 24 21 20 21 21 22 24 25 25 24
 22 23 26 24 22 22 14 19 21 25 22 19 21 21 20 20 19 20 21 19 20 20 20 20
 21 20 20 21 21 21 20 21 21 21 21 21 20 21 23 25 25 24 23 20 19 22 25 24
 24 22 22 21 21 22 22 22 23 23 25 26 26 25 21 22 22 24 23 23 26 24 21 22
 22 23 25 24 23 25 22 21 19 16 16 17 17 16 16 15 14 15 17 19 18 19 19 20
 22 20 19 20 21 20 18 17 16 16 17 18 18 20 19 21 19 18 18 18 19 20 19 17
 17 19 23 26 26 25 20 19 20 20 22 19 17 17 16 19 19 21 17 15 16 16 16 16
 16 16 15 15 16 15 15 15 15 15 15 15 16 15 15 14 14 14 14 14 14 14 14 14
 14 15 15 16 16 14 14 13 13 14 15 15 12 11 12 12 16 17 19 21 20 20 20 19
 20 21 21 21 20 19 22 22 22 23 21 22 22 20 20 19 18 16 17 17 17 17 16 16
 16 17 17 17 15 15 14 12 12 13 14 14 14 14 16 17 17 17 16 15 18 19 19 18
 17 16 18 19 18 18 18 18 17 18 18 18 19 18 19 20 19 18 19 19 19 18 18 17
 17 17 17 18 17 18 17 17 16 16 16 15 14 14 14 15 15 14 15 15 16 15 15 15
 18 20 18 17 17 18 18 17 16 17 18 17 18 21 25 24 22 22 22 22 21 20 21 21
 19 17 17 17 17 18 18 18 19 22 21 21 23 19 17 18 19 19 18 17 17 17 17 17
 17 17 17 17 18 19 19 18 19 20 22 25 27 22 22 23 21 20 20 20 22 22 22 22
 22 21 21 21 22 22 21 20 18 17 17 18 18 18 17 18 18 18 18 17 16 16 16 16
 17 17 18 17 17 18 19 18 17 17 18 18 18 18 18 17 17 17 18 18 18 19 20 20
 19 19 19 19 16 16 17 17 17 18 19 19 18 17 18 17 17 16 16 15 17 17 16 16
 16 17 17 16 16 15 14 15 15 15 16 15 16 16 16 16 16 17 17 17 16 16 16 17
 17 18 19 19 19 18 18 18 18 18 18 17 17 17 20 19 17 17 19 19 18 17 16 16
 17 18 17 17 18 20 19 19 19 19 19 20 17 18 19 19 18 20 18 17 18 17 18 18
 17 14 12 15 17 17 17 17 17 17 17 17 17 18 19 21 20 20 20 18 16 18 16 15
 15 16 16 16 16 16 16 16 16 16 16 16 16 16 16 16 15 16 15 16 17 16 16 16
 15 16 16 17 18 17 17 17 18 18 18 20 19 20 21 22 23 23 24 24 22 22 22 22
 21 21 19 20 21 23 22 23 22 22 23 24 24 24 23 26 25 25 25 25 26 25 25 25
 27 22 24 25 25 25 26 26 26 25 24 24 24 24 24 24 25 25 25 25 24 25 25 25
 25 24 25 25 25 25 25 25 25 25 26 23 21 24 23 23 24 23 24 23 21 21 22 22
 22 22 21 22 22 24 23 21 21 20 22 22 21 22 21 20 20 19 18 19 19 21 22 22
 21 22 21 21 20 19 19 20 18 19 18 18 18 18 18 19 20 21 20 20 20 20 20 19
 18 16 16 16 20 23 21 19 20 21 21 21 19 19 18 18 18 18 18 19 19 20 19 20
 20 20 20 19 20 20 21 20 20 20 20 20 21 21 20 19 19 21 22 22 21 21 21 21
 20 20 20 20 19 19 19 19 18 18 17 17 19 20 20 20 20 20 20 20 22 22 21 21
 22 22 22 22 23 24 22 22 22 23 22 22 21 20 20 20 21 22 22 21 22 22 18 17
 16 17 17 19 21 22 23 21]