[18 17 19 20 23 22 22 21 20 20 20 21 21 20 20 20 20 20 20 20 21 21 21 21
 22 19 18 19 22 19 21 22 21 20 20 22 22 21 20 20 21 20 20 21 21 21 21 21
 21 20 21 21 22 22 22 22 22 22 21 21 21 21 21 21 22 22 21 22 22 22 22 22
 20 20 20 20 20 20 20 20 20 19 16 14 14 14 14 15 15 16 17 20 22 22 22 22
 22 21 21 20 20 19 19 19 19 19 19 19 19 19 18 18 18 18 18 18 18 18 18 19
 18 18 19 19 19 19 18 17 16 16 16 16 17 16 17 17 16 16 16 16 16 16 16 16
 16 17 17 16 16 17 17 17 17 18 19 18 18 18 18 18 17 17 17 16 16 16 15 16
 16 16 16 16 16 17 17 17 18 18 18 18 17 17 17 17 17 17 17 18 18 18 18 18
 18 18 18 18 17 17 16 17 16 17 17 16 16 16 16 16 16 16 17 17 16 16 16 16
 16 16 16 15 16 16 15 15 16 16 16 17 16 16 16 17 17 17 17 16 16 16 16 17
 16 17 17 17 18 18 17 17 17 18 18 18 18 18 18 17 17 17 17 17 16 17 17 17
 17 18 16 18 18 19 19 20 21 21 21 20 20 18 19 19 18 19 20 20 20 21 22 21
 22 22 22 22 23 23 24 24 24 24 24 23 24 24 24 22 21 22 25 22 23 25 26 26
 26 25 23 21 21 20 19 19 19 19 20 20 22 22 21 20 20 20 19 19 18 19 20 18
 19 21 21 20 19 18 18 19 19 18 18 19 19 17 18 16 17 17 16 17 16 16 17 17
 21 20 20 20 23 23 23 24 24 24 25 23 21 19 18 17 18 18 18 20 21 20 19 20
 19 18 19 19 19 20 19 19 20 20 21 21 21 21 20 20 20 19 20 19 19 19 19 19
 18 18 19 19 19 19 19 19 20 19 20 19 19 19 18 18 18 18 18 18 19 19 20 20
 20 20 21 21 21 21 21 21 21 20 22 21 21 22 22 22 24 22 23 23 22 21 22 21
 21 20 20 19 19 20 20 19 19 19 19 18 19 19 19 19 20 20 21 21 21 19 19 19
 19 19 21 21 21 22 22 22 23 23 22 22 22 22 21 23 22 22 21 21 21 22 22 22
 22 21 23 23 22 22 23 22 21 21 22 22 22 23 24 23 23 23 23 24 24 24 24 23
 23 22 22 22 22 22 21 22 22 22 23 23 23 22 21 22 22 22 22 21 21 21 21 21
 21 21 22 22 23 23 21 24 24 27 24 22 21 21 20 22 24 22 21 22 25 25 24 24
 25 22 24 24 19 18 18 18 19 19 18 18 18 17 17 19 20 20 21 21 21 20 20 20
 20 20 21 21 20 20 20 20 20 21 19 20 20 20 20 20 21 21 22 21 22 21 21 20
 20 20 21 19 19 18 19 21 21 21 20 20 20 20 20 20 20 19 19 21 21 20 20 20
 21 20 19 18 18 18 17 17 18 18 18 18 18 18 18 18 19 18 18 18 17 17 17 17
 17 17 18 17 18 18 17 17 18 18 19 20 22 23 24 24 23 23 22 20 19 17 18 18
 18 19 19 20 21 21 20 20 19 18 17 17 18 18 18 17 17 16 16 16 16 17 17 17
 16 16 15 15 15 15 15 15 15 15 16 16 16 17 17 17 17 17 18 17 18 18 18 17
 17 16 16 16 16 16 18 18 19 20 20 21 19 18 17 17 17 18 18 18 19 19 19 18
 18 19 18 17 17 17 17 17 17 17 17 17 17 17 18 18 18 18 19 18 18 17 17 17
 17 17 18 18 18 18 18 17 18 19 19 18 18 17 17 17 17 17 18 18 18 18 19 18
 18 18 17 17 18 19 18 19 18 19 18 18 19 19 19 19 19 18 17 16 16 15 15 15
 15 15 15 15 15 15 15 15 15 15 15 15 15 15 15 15 15 15 15 15 15 15 15 16
 17 16 16 16 16 16 16 16 16 17 16 16 16 16 16 16 16 16 16 16 16 16 16 16
 16 15 16 15 15 15 16 16 16 16 16 16 16 16 16 17 16 16 16 17 16 16 16 17
 17 17 17 18 18 18 18 17]