[29 29 29 29 29 29 28 27 29 30 31 31 33 31 32 32 31 30 31 32 33 33 33 33
 32 31 32 31 32 32 31 32 32 32 30 31 31 31 30 31 32 32 32 32 32 32 31 31
 31 32 32 31 29 31 32 32 32 32 32 31 32 32 32 32 32 32 32 32 32 32 32 33
 33 33 31 32 32 32 32 31 31 33 32 33 33 33 32 32 31 27 26 25 25 27 30 30
 28 27 26 27 27 27 28 30 29 27 28 28 27 27 28 28 27 28 30 31 31 31 31 31
 29 30 31 31 31 31 29 28 28 29 29 28 28 29 30 31 31 31 31 30 29 28 28 26
 27 27 27 27 27 27 28 31 29 27 26 26 27 27 28 30 30 29 29 29 30 28 27 27
 28 30 30 31 28 28 31 31 31 30 28 28 26 25 25 26 26 27 29 30 28 26 27 28
 27 25 25 28 31 31 30 29 28 28 28 28 28 27 27 27 28 28 27 26 28 29 28 28
 28 29 29 29 28 28 28 27 27 28 28 27 27 28 29 28 27 27 28 28 28 28 28 28
 28 28 28 27 26 26 27 27 27 28 27 27 28 28 27 27 27 27 27 27 26 26 26 27
 27 27 27 27 27 26 26 27 27 27 27 27 28 28 27 28 28 28 28 28 28 27 27 26
 27 27 27 27 27 27 27 27 26 26 26 27 28 29 29 30 30 29 28 27 28 28 27 26
 26 25 26 26 26 26 26 26 26 26 26 26 26 25 26 26 26 26 26 26 26 25 26 26
 26 26 26 26 26 27 26 26 26 25 26 26 26 25 25 25 26 25 25 26 26 26 27 27
 27 28 28 28 27 26 26 25 26 26 26 26 26 26 27 26 26 26 26 26 26 26 26 26
 26 26 25 25 26 26 26 26 26 26 26 26 26 26 26 26 26 26 26 26 26 26 26 26
 26 25 25 26 25 25 25 25 25 25 25 25 26 26 25 25 25 25 25 25 25 25 25 25
 25 25 25 25 26 26 26 25 25 25 26 26 25 25 26 26 25 25 25 25 25 26 25 26
 26 26 26 25 25 26 26 26 25 25 26 26 26 26 26 26 26 26 26 26 26 25 25 24
 25 26 26 25 25 25 25 25 25 25 25 25 25 25 25 25 25 25 25 25 25 25 25 25
 25 25 25 25 26 26 25 25 25 25 25 25 25 25 25 25 25 25 26 25 25 25 26 26
 27 27 27 26 26 28 28 28 28 27 27 26 26 25 26 25 25 25 26 26 27 27 26 26
 26 26 26 26 26 27 27 26 26 26 26 26 27 27 26 26 26 27 28 27 26 26 26 26
 26 26 26 26 26 26 25 26 26 27 27 26 26 27 27 27 27 27 27 27 28 28 28 27
 27 27 28 28 28 28 29 31 29 27 27 27 27 26 26 26 27 27 26 26 26 26 26 26
 26 26 26 26 26 26 27 26 26 26 26 26 26 26 26 26 26 26 26 26 26 26 26 26
 26 26 26 26 26 26 26 26 26 27 26 26 26 27 26 26 26 26 26 26 26 26 26 26
 26 26 26 26 26 25 26 26 26 25 25 26 26 26 26 26 25 25 25 25 26 25 25 26
 26 26 26 27 27 27 26 26 26 26 26 26 26 26 26 26 26 26 26 27 28 27 27 26
 27 26 26 26 27 27 27 26 26 26 26 26 26 26 26 27 27 27 28 27 27 27 27 27
 27 27 27 28 29 27 27 27 27 26 26 26 26 26 26 26 26 26 26 26 26 26 26 26
 26 26 26 26 26 26 26 26 27 27 27 27 27 28 28 29 28 27 28 28 28 28 27 27
 28 27 26 26 26 27 27 26 26 26 27 26 26 26 27 27 27 27 27 27 27 27 28 27
 28 28 28 29 28 26 26 26 26 26 26 26 26 26 25 26 26 27 27 26 26 26 26 27
 27 27 26 25 25 26 27 26 25]