[19 18 18 18 16 18 16 15 15 18 20 20 19 20 20 21 24 27 27 25 24 25 26 29
 29 24 21 22 22 20 21 22 22 26 27 27 25 22 19 18 18 18 18 19 18 18 22 22
 26 29 26 24 24 25 30 28 25 20 18 22 23 22 23 21 19 20 20 19 19 21 20 22
 22 21 15 10 17 20 19 26 26 25 26 25 23 23 26 28 28 27 25 26 25 27 27 23
 24 24 24 23 22 25 24 24 23 25 23 21 22 24 25 25 24 23 22 22 22 22 21 21
 20 21 21 21 19 18 18 18 16 17 19 20 21 21 20 17 19 19 15 17 18 19 16 14
 14 16 22 23 23 23 24 23 16 15 16 15 18 26 28 25 31 19 14 13 15 15 13 13
 14 13 12 13 14 14 13 14 15 15 14 13 13 12 11 11 12 13 14 15 14 13 14 14
 14 14 14 14 14 16 16 15 14 15 15 13 11 11 12 13 12 13 14 13 13 14 15 15
 14 12 12 13 14 17 17 16 17 17 17 15 15 14 15 16 15 14 12 13 14 17 18 18
 19 19 17 19 17 18 16 15 14 13 13 13 14 15 16 16 18 18 18 15 16 20 17 18
 14 13 11 11 12 12 11 10 11 11 11 12 12 12 12 12 12 13 14 14 13 13 13 12
 12 13 12 12 13 14 13 13 12 12 12 13 12 13 14 12 12 15 18 18 16 16 16 14
 14 15 18 19 18 17 19 19 19 21 22 22 21 25 25 26 24 22 21 22 23 23 22 20
 19 20 23 24 25 24 23 21 18 18 19 19 18 19 19 20 20 18 15 16 18 21 18 16
 18 18 17 17 17 17 19 18 17 17 20 21 20 22 21 20 20 19 21 22 22 21 22 21
 19 19 21 20 23 20 18 19 18 18 18 20 20 21 20 19 21 23 24 25 25 25 25 24
 25 22 19 18 19 22 20 19 20 18 17 20 18 16 17 17 16 16 18 19 19 19 22 23
 22 23 23 24 28 26 23 21 19 22 26 24 25 26 25 29 26 23 26 26 25 27 28 29
 31 31 31 31 29 31 29 24 22 21 24 25 26 28 29 31 29 30 30 30 27 23 31 30
 22 24 27 30 31 30 31 29 25 32 32 31 28 29 30 31 26 21 20 19 21 20 24 26
 30 28 30 31 31 27 28 28 28 29 28 28 27 26 27 27 28 27 26 28 29 26 23 23
 29 30 30 29 29 27 27 30 30 29 28 27 29 29 25 23 21 21 28 28 27 28 25 23
 24 28 28 27 23 23 25 25 24 26 24 26 25 25 23 21 24 26 27 28 27 29 20 19
 29 29 28 26 28 27 26 27 27 26 27 28 27 27 27 24 24 26 27 25 28 25 26 25
 25 25 26 27 26 25 24 26 24 23 26 26 28 28 28 28 26 28 23 24 24 27 25 24
 25 28 30 30 27 21 22 20 22 25 23 22 22 22 19 18 24 23 23 23 21 21 21 23
 22 22 21 22 22 21 20 20 22 22 20 20 18 18 18 16 20 19 18 19 16 17 17 17
 17 19 18 19 19 17 18 18 18 21 21 24 23 21 28 28 29 30 25 25 26 26 26 30
 28 24 26 28 25 24 23 24 24 23 25 26 28 28 28 26 27 28 27 22 26 27 25 24
 23 23 26 24 29 29 28 31 31 28 29 28 30 25 22 22 23 25 22 22 19 22 24 25
 22 18 18 28 19 19 25 24 28 30 20 20 25 23 25 27 28 28 29 28 25 25 24 25
 27 27 25 28 30 28 25 29 30 23 20 20 22 26 20 19 20 22 24 29 28 27 27 29
 26 31 29 25 24 28 25 22 23 23 23 22 25 23 21 21 20 21 21 19 20 20 19 21
 20 19 18 23 18 17 17 17 18 18 18 19 19 22 25 27 26 27 27 27 26 28 26 25
 23 22 25 20 17 18 19 20 22 21 21 22 22 23 22 23 23 22 17 18 18 19 19 18
 18 19 19 19 20 20 19 17 19 18 19 20 20 19 19 18 19 19 20 20 20 21 22 20
 19 17 15 16 13 16 17 19 19 20 22 21 22 22 21 21 20 21 21 21 20 21 21 21
 22 21 22 21 21 20 19]