[29 29 27 26 24 25 27 27 25 26 29 28 26 26 28 29 29 25 28 27 24 24 21 21
 21 22 19 20 18 21 24 25 20 21 22 24 28 28 26 22 27 29 26 25 24 24 23 25
 24 20 21 23 27 22 21 25 23 20 21 20 19 20 22 20 21 23 21 20 21 19 18 20
 21 21 23 21 16 15 19 19 17 17 17 13 12 16 19 18 18 19 19 19 19 19 19 19
 19 19 18 18 13 14 15 15 16 18 20 21 20 20 20 19 19 19 12 12 15 18 15 14
 15 14 12 16 15 15 15 14 14 13 15 16 17 18 18 19 19 20 19 18 19 21 21 22
 22 20 17 17 19 20 20 19 19 21 20 20 20 20 20 20 18 20 20 20 21 22 22 17
 17 17 16 20 22 20 22 24 24 26 26 25 21 14 19 18 16 14 17 16 16 16 16 18
 20 20 17 17 19 20 18 14 16 18 21 21 20 21 19 19 20 21 24 25 21 19 20 22
 22 22 19 18 19 19 20 19 19 19 19 20 21 19 17 18 19 20 19 17 18 17 17 17
 17 15 15 15 17 17 16 16 17 18 17 17 18 17 17 18 18 16 17 20 20 20 19 20
 20 20 19 19 19 16 12 12 15 17 24 23 23 24 25 24 21 15 12 14 21 23 22 22
 22 21 22 20 17 19 15 12 12 12 13 13 14 13 13 13 13 13 13 13 13 13 13 13
 12 12 12 13 13 13 13 13 12 13 12 13 13 12 12 12 12 13 14 13 13 13 13 14
 13 13 13 13 13 13 13 13 13 12 12 12 12 12 12 12 13 13 13 13 13 13 13 13
 12 13 13 13 13 13 13 13 13 13 13 13 13 13 13 13 13 13 13 13 13 13 13 14
 14 14 14 14 14 13 14 14 14 14 14 14 15 15 16 16 14 13 13 13 13 13 13 13
 13 13 13 13 13 13 13 13 13 13 13 13 13 13 13 13 13 13 13 13 13 13 13 14
 14 13 13 13 13 13 13 13 13 13 14 14 13 13 13 13 13 13 12 12 13 13 13 13
 13 13 13 13 13 13 13 13 14 14 15 15 15 15 16 16 16 16 15 15 15 16 16 16
 16 16 15 16 16 16 16 16 16 15 16 17 17 18 19 21 21 20 21 19 18 18 19 19
 18 17 17 18 18 17 16 15 15 15 15 14 14 14 14 14 15 14 14 16 16 16 16 16
 16 15 15 15 15 16 16 16 16 15 16 17 17 17 16 15 15 15 15 14 14 14 14 15
 16 17 18 18 18 16 15 16 17 17 16 16 15 15 14 15 16 15 14 14 14 16 17 17
 16 15 15 16 16 18 18 18 17 16 17 18 20 19 18 17 16 15 15 15 15 17 17 17
 17 17 17 16 17 17 18 19 19 19 21 21 20 19 19 20 20 20 19 20 20 21 21 21
 20 20 17 15 16 17 16 15 16 15 14 15 15 15 15 16 15 16 16 16 16 16 16 15
 16 16 15 15 15 15 15 15 16 17 17 16 16 16 17 17 17 16 16 15 15 16 16 15
 14 14 14 14 15 15 15 14 15 16 15 15 15 15 15 16 16 16 16 16 16 17 16 17
 17 17 16 15 16 16 17 17 17 16 17 17 18 19 19 19 18 18 18 18 19 20 19 19
 19 20 20 22 21 20 19 18 17 17 20 19 20 19 21 22 22 23 22 21 17 15 15 15
 15 14 15 16 16 15 15 16 15 16 16 16 16 15]