[28 29 29 29 29 30 31 31 30 31 29 30 30 32 32 32 33 34 34 32 30 30 29 28
 27 27 27 27 27 31 33 31 31 31 32 32 32 33 34 32 30 29 28 28 29 31 32 32
 31 30 30 31 33 30 29 28 28 29 28 27 28 27 28 28 28 29 30 30 31 31 31 30
 28 29 31 31 31 31 31 32 31 30 28 29 29 30 30 31 33 32 31 30 29 33 32 32
 34 33 31 32 32 32 33 32 33 33 33 33 32 32 32 33 32 32 31 30 30 30 30 30
 31 31 29 30 31 31 32 32 32 32 31 31 32 31 31 30 29 29 30 32 32 33 33 32
 32 32 32 32 32 32 33 32 33 32 31 31 32 32 33 32 32 32 32 32 32 32 32 32
 32 32 31 30 32 31 30 29 29 30 32 32 31 29 30 30 31 32 31 30 32 31 32 32
 32 30 30 32 29 28 29 31 31 31 31 31 31 31 31 30 30 30 31 30 30 28 29 29
 29 29 29 29 29 29 29 30 30 29 29 30 30 29 29 30 30 30 30 29 29 29 29 28
 28 28 28 29 30 29 29 29 28 28 29 29 29 28 28 28 29 29 29 29 29 29 29 29
 29 28 29 28 28 29 29 29 28 28 28 28 28 28 28 28 28 28 28 28 28 28 28 28
 28 28 28 27 28 28 28 28 27 27 28 27 27 28 28 27 27 28 28 28 28 28 28 28
 28 28 28 28 28 28 28 28 28 28 27 27 28 28 28 28 27 27 27 27 27 27 27 27
 27 27 27 27 28 28 27 28 28 27 27 27 27 28 28 28 27 28 28 28 28 28 28 28
 28 28 27 27 28 28 27 27 27 27 28 27 27 28 28 27 27 27 27 27 27 27 27 27
 27 27 28 28 27 27 27 27 27 27 27 27 27 27 27 27 27 27 27 27 27 26 26 27
 27 27 27 27 27 27 27 27 27 27 27 27 27 27 27 27 28 28 27 27 27 28 28 27
 27 28 28 27 27 27 27 27 28 28 27 27 28 28 27 27 27 27 27 27 27 27 27 28
 27 27 28 28 28 28 28 28 28 28 28 28 28 28 28 29 28 28 29 29 29 29 28 28
 28 29 29 28 29 28 28 28 28 28 28 28 28 28 28 28 28 28 28 28 28 28 27 27
 28 27 27 27 27 27 27 27 27 28 27 27 28 28 28 27 27 27 27 27 27 27 27 27
 27 27 27 27 27 27 27 27 28 27 27 27 27 27 27 27 27 27 27 27 27 27 27 27
 27 27 27 27 27 27 27 27 27 27 27 27 28 28 28 28 28 28 28 28 28 28 28 28
 28 28 28 28 28 28 29 29 28 28 28 28 28 28 28 28 28 28 28 28 28 28 28 28
 28 28 29 28 29 29 29 29 29 28 28 28 28 28 29 29 28 28 28 28 28 28 28 28
 28 28 28 28 28 28 28 28 28 28 28 28 28 28 28 28 28 28 28 27 28 28 28 28
 28 28 28 28 28 28 28 28 28 28 28 28 28 28 28 28 28 28 28 28 28 28 28 28
 28 27 27 27 27 28 27 27 27 27 28 28 27 27 27 28 28 28 28 27 27 27 27 27
 27 27 28 28 28 28 28 28 28 27 27 27 27 27 27 28 27 28 28 28 28 28 28 28
 28 28 28 27 27 28 28 27 27 27 27 27 27 27 28 27 27 27 27 27 26 25 28 28
 27 26 26 25 27 28 28 28 28 28 28 28 28 29 29 29 28 28 28 29 28 28 28 28
 28 28 28 28 28 28 28 28 28 28 28 28 28 28 28 28 28 28 28 28 28 28 28 28
 28 28 28 28 28 28 28 28 28 28 28 28 28 27 28 28 28 28 28 28 28 28 28 28
 28 27 28 27 28 28 27 27 27 27 27 28 28 27 28 27 27 28 28 28 27 28 27 28
 28 28 28 27 27 28 28 27 27]