[14 13 14 14 16 15 15 15 14 14 14 15 15 14 14 16 16 15 15 15 16 15 16 15
 16 14 13 14 15 14 15 15 15 14 14 15 16 15 15 15 15 14 15 15 15 16 17 16
 16 14 16 16 16 16 16 16 16 16 15 15 15 15 15 16 17 17 18 16 17 17 17 18
 20 20 19 19 19 19 18 18 18 20 20 18 18 18 18 20 19 21 21 20 17 16 16 16
 16 16 16 16 17 17 17 16 15 15 15 15 15 15 14 14 14 14 14 14 14 14 14 14
 14 14 14 14 14 14 14 13 13 13 13 13 13 12 13 13 13 12 13 13 13 12 12 12
 13 13 13 13 13 13 13 13 13 13 14 14 14 14 14 14 13 13 13 13 12 12 12 12
 12 13 12 12 13 13 13 13 13 13 13 13 13 13 13 13 13 13 13 13 14 14 14 14
 14 13 13 13 13 13 13 13 13 13 13 13 13 13 13 12 13 13 13 13 13 13 13 13
 13 12 13 12 12 13 12 12 12 12 13 13 12 13 13 13 13 13 13 13 13 12 12 13
 13 13 13 13 13 13 13 13 13 13 13 13 13 13 13 13 13 13 13 13 13 13 13 13
 13 13 13 14 14 14 14 15 15 15 15 15 14 14 14 14 14 14 14 14 14 15 15 15
 15 15 15 15 16 16 16 16 16 17 17 16 16 16 17 15 15 15 16 15 15 16 16 17
 17 17 18 18 18 18 19 19 19 19 18 18 17 17 17 17 17 17 18 18 18 18 18 18
 18 18 18 18 18 18 18 18 17 18 18 17 17 17 17 17 17 18 18 18 18 18 18 19
 18 18 17 17 16 17 17 17 17 17 16 16 15 14 13 13 13 13 14 14 15 14 14 14
 14 14 14 14 14 14 14 14 14 14 15 15 15 15 14 14 14 14 14 14 14 14 14 14
 14 14 14 14 14 14 14 14 14 14 14 14 14 14 14 13 14 13 14 13 14 14 14 14
 14 14 15 15 15 15 15 15 15 15 15 15 15 15 15 15 16 16 16 16 15 15 15 15
 15 15 14 14 14 14 14 14 14 14 14 14 14 14 14 14 14 14 15 15 15 14 14 14
 14 14 15 15 15 15 15 15 16 15 15 15 15 15 15 16 15 15 15 15 15 15 15 15
 15 15 16 16 15 15 16 15 15 15 15 15 15 15 16 16 16 16 16 16 16 16 16 17
 16 15 15 15 15 15 15 15 15 15 16 16 16 17 17 17 17 17 16 15 16 16 17 16
 16 16 17 18 19 19 20 19 19 18 16 15 15 15 15 15 16 18 18 16 17 18 16 17
 18 20 19 16 14 14 14 14 14 14 13 13 14 13 13 14 14 15 15 15 15 14 14 15
 15 14 15 15 14 15 15 15 15 15 14 15 15 14 14 14 15 15 15 15 15 15 15 15
 15 15 15 14 14 14 14 15 15 15 15 15 15 15 14 15 15 14 14 16 16 16 16 15
 15 15 14 14 14 14 13 13 14 14 14 14 14 14 14 14 14 14 14 14 13 13 13 13
 13 14 14 14 14 14 14 14 14 14 14 15 15 16 16 16 16 16 15 15 14 13 14 14
 14 14 14 15 15 15 15 14 14 14 13 14 14 14 14 13 13 13 12 13 13 13 13 13
 13 13 12 12 12 12 12 12 12 12 13 13 13 13 13 13 13 13 14 13 13 14 14 13
 13 13 13 13 13 13 14 14 14 15 15 15 14 14 13 13 13 14 14 14 14 14 14 14
 14 14 14 13 13 13 13 13 13 13 13 13 13 13 13 14 14 14 14 14 13 13 13 13
 13 13 14 13 13 14 13 13 13 14 14 14 14 13 13 13 13 13 14 14 14 14 14 14
 14 14 13 13 14 14 14 14 14 14 14 13 14 14 14 14 14 13 13 13 13 12 12 12
 12 12 12 12 12 12 12 12 12 12 12 12 12 12 12 12 12 12 12 12 12 12 12 13
 13 13 13 13 13 13 13 13 13 13 13 13 13 13 13 13 13 13 12 12 13 13 13 13
 12 12 12 12 12 12 13 13 13 13 13 13 13 13 13 13 13 13 13 13 13 13 13 13
 13 13 13 14 14 13 13 13]