[22 26 29 29 26 21 19 20 21 22 24 25 29 31 30 27 22 21 22 22 22 22 24 24
 23 26 29 33 39 36 26 24 22 22 24 24 25 26 30 34 36 35 36 33 30 30 29 29
 27 27 26 25 25 25 25 25 27 32 35 34 38 38 34 33 36 36 35 35 34 33 32 35
 35 34 33 33 36 36 36 35 36 37 37 36 33 33 33 34 35 36 36 37 35 34 32 32
 34 32 33 31 29 30 31 31 30 30 30 28 28 28 29 30 33 29 29 30 30 31 32 31
 31 31 31 33 32 32 32 31 30 30 29 27 29 28 27 26 28 30 31 31 31 28 28 29
 29 28 27 26 25 25 26 26 24 25 24 25 25 26 26 25 26 27 28 28 28 28 30 28
 26 27 27 26 25 26 27 28 29 29 30 30 29 29 30 31 28 27 28 28 28 27 27 26
 24 27 27 26 26 27 28 27 28 27 26 27 27 27 27 27 29 29 30 30 31 30 30 29
 29 28 28 28 29 28 30 30 30 28 29 30 30 32 31 27 29 30 32 32 34 36 37 36
 36 34 33 32 32 31 33 36 36 35 35 34 31 33 32 34 36 34 33 33 32 33 33 33
 31 30 32 33 34 34 34 34 35 35 36 36 35 34 34 33 36 35 35 35 36 36 36 34
 33 32 33 32 34 36 36 36 35 35 35 35 36 36 36 35 35 34 34 33 33 33 31 31
 30 30 30 30 30 31 31 32 33 32 32 33 33 31 31 30 30 31 31 30 29 29 28 28
 29 29 28 27 28 30 31 32 32 31 30 30 30 29 30 30 29 28 27 27 27 27 28 29
 29 29 28 28 27 28 28 30 29 29 29 30 31 31 31 31 29 28 29 29 28 29 29 29
 30 29 29 29 28 29 29 30 30 30 30 31 31 32 32 32 33 33 34 33 32 32 33 33
 32 32 32 33 34 34 35 33 34 35 34 34 35 35 34 34 34 34 35 35 34 34 33 32
 32 31 31 30 30 32 32 32 31 32 31 31 31 30 30 30 30 29 28 29 28 28 28 28
 28 29 30 31 30 31 33 33 34 33 33 33 34 34 35 35 34 33 33 34 33 33 32 33
 32 32 32 32 32 33 32 32 32 32 33 32 32 31 30 30 29 30 30 30 30 31 31 30
 30 30 31 31 31 31 32 32 31 30 31 31 31 31 31 31 31 30 30 30 30 29 29 29
 29 29 29 28 28 29 28 28 28 28 28 29 29 29 29 29 29 29 29 29 29 29 29 29
 29 30 31 30 29 30 30 29 29 29 28 28 27 27 29 29 29 29 28 29 31 32 30 29
 27 28 28 29 28 31 32 32 31 30 29 30 30 30 30 29 31 31 31 30 30 30 29 29
 30 31 30 30 30 30 29 29 30 30 31 30 30 30 29 29 29 30 30 31 32 33 33 33
 32 32 31 29 28 28 29 29 30 30 29 30 30 30 30 30 29 28 29 28 29 29 29 30
 30 30 30 30 31 31 31 32 32 32 31 32 32 31 30 30 29 29 30 30 30 31 30 30
 30 31 31 31 31 31 32 32 32 32 30 30 30 30 30 30 31 30 30 30 30 30 29 29
 29 29 31 31 31 32 31 30 30 30 30 30 29 29 29 29 29 29 30 31 31 32 33 32
 33 32 32 32 32 33 32 32 31 32 32 32 32 33 32 32 33 33 33 33 33 31 31 32
 33 32 33 33 33 33 33 33 32 31 30 30 31 31 31 31 31 31 30 30 32 31 31 31
 31 31 31 31 31 31 31 31 31 31 31 30 30 30 31 31 31 31 31 31 30 29 30 30
 31 30 29 28 28 29 29 28 29 29 29 28 29 29 29 29 28 28 27 28 27 28 29 30
 30 30 30 30 30 30 30 31 31 31 31 31 31 31 31 32 32 32 32 33 33 33 33 32
 33 32 32 32 32 32 32 31 31 32 32 32 32 32 33 33 34 34 33 33 33 33 33 32
 32 32 32 32 32 32 32 32 32 33 33 33 33 33 32 32 32 32 33 32 32 32 33 32
 32 32 32 32 32 32 32 32 32 31 32 30 29 29 29 29 28 29 29 28 28 27 28 29
 30 30 29 29 29 28 29 29]