[29 29 27 25 25 25 26 26 25 23 22 23 24 25 27 28 30 30 31 30 29 29 29 29
 28 28 27 27 27 27 28 28 27 24 22 20 22 25 27 28 27 25 24 25 25 25 26 26
 26 26 27 25 23 24 24 24 26 28 29 28 24 22 21 23 29 31 30 29 27 26 26 25
 25 22 22 23 23 24 26 26 27 27 27 27 28 27 26 26 26 25 24 24 24 24 23 23
 22 21 22 21 22 22 22 22 24 24 24 25 25 25 26 26 27 29 31 31 31 30 30 29
 29 28 29 28 28 27 27 29 29 28 27 27 26 27 28 27 28 28 28 28 29 28 28 30
 30 30 29 28 28 26 27 27 27 27 28 29 31 32 32 31 30 30 30 29 29 29 31 32
 32 32 31 30 28 24 26 26 25 25 31 33 33 33 33 32 33 33 33 33 34 34 33 33
 33 34 34 33 31 30 31 31 32 31 31 31 31 32 32 31 31 29 30 29 30 29 28 28
 26 25 25 24 24 22 22 24 24 25 25 25 25 25 24 24 26 27 27 26 26 25 26 27
 28 29 30 29 30 29 29 28 28 29 30 30 30 30 30 29 29 29 27 28 28 28]