[18 18 18 18 17 18 17 16 16 20 23 22 21 21 22 23 25 25 25 26 25 25 25 23
 24 22 21 22 22 20 21 21 21 22 23 23 22 21 19 19 20 19 19 19 19 19 20 20
 22 21 20 19 19 19 22 20 19 18 17 18 17 17 17 16 15 16 16 16 15 16 16 17
 17 18 16 11 17 16 16 19 19 19 19 19 18 18 19 20 20 19 18 19 18 19 19 18
 18 18 18 18 17 18 18 18 18 19 19 18 19 19 20 19 19 19 19 18 18 18 18 18
 18 18 19 19 18 17 17 17 16 17 17 18 18 18 18 17 18 18 16 16 16 16 16 15
 15 17 18 18 18 18 18 17 16 15 16 15 17 19 20 20 22 21 16 14 17 18 16 15
 16 15 14 15 16 16 16 16 18 18 17 16 15 13 13 13 13 15 17 18 17 16 16 16
 17 16 16 16 16 20 20 18 17 18 18 16 12 13 14 14 14 15 16 15 15 17 17 18
 17 14 14 15 16 21 21 20 20 21 22 18 17 17 18 20 18 17 14 15 17 21 23 23
 25 24 23 22 22 23 20 19 17 15 15 16 17 19 20 21 22 20 20 18 20 23 22 23
 16 14 12 13 14 13 12 12 12 12 13 14 13 13 14 14 14 15 17 16 15 15 14 14
 14 15 14 14 15 16 15 14 14 13 14 15 14 15 16 14 13 17 18 17 17 16 18 16
 16 17 21 23 21 20 22 22 21 23 24 25 24 26 24 24 25 29 27 29 29 28 28 24
 24 26 30 29 26 29 31 30 25 22 24 25 24 25 25 24 24 23 18 20 24 30 24 21
 23 24 22 21 21 22 24 23 22 21 26 27 28 30 31 25 27 23 29 31 30 28 30 30
 25 25 29 26 27 24 24 25 24 24 23 28 27 28 25 25 28 27 26 27 24 22 25 27
 27 26 21 20 22 28 26 24 26 22 21 26 23 19 21 22 20 19 22 24 24 24 27 28
 26 25 25 27 25 26 26 25 24 26 26 26 26 25 25 23 26 26 26 26 27 26 24 24
 23 23 23 22 24 23 22 23 21 21 22 21 21 21 19 20 21 21 20 20 19 18 21 20
 17 18 19 20 21 20 20 19 18 21 21 20 19 21 22 20 21 20 20 21 22 22 24 23
 23 23 22 22 22 23 23 21 22 23 23 23 24 24 23 20 20 21 21 21 22 24 25 23
 22 21 21 22 21 20 20 21 21 21 20 19 19 21 21 21 22 23 21 20 19 20 21 20
 20 21 21 21 21 21 21 21 20 20 21 21 21 21 21 22 22 22 20 20 19 21 22 21
 22 20 20 20 20 19 20 20 19 18 19 20 21 20 20 20 20 20 20 21 20 18 18 18
 19 18 20 20 19 19 17 19 18 17 19 21 20 20 20 20 19 20 17 18 18 19 18 18
 18 19 20 22 19 17 17 16 17 18 18 18 18 18 18 18 20 17 17 18 18 18 18 18
 17 18 18 18 18 18 18 18 18 18 18 17 17 17 17 16 17 18 17 17 16 16 17 17
 17 18 18 18 18 17 18 18 17 17 16 17 20 21 22 21 21 21 19 19 19 19 20 22
 20 19 20 20 18 17 17 18 18 18 18 19 20 20 19 19 20 21 21 20 21 20 19 18
 18 17 19 18 20 20 20 21 20 22 22 21 20 18 17 16 17 18 17 17 16 18 18 19
 17 15 15 20 26 26 26 30 25 23 16 17 24 28 28 24 22 21 21 22 24 25 25 24
 23 24 24 24 22 20 19 20 21 19 17 17 17 19 16 16 16 18 19 23 21 21 23 23
 21 23 21 19 19 22 21 19 19 19 20 19 21 20 18 17 17 17 17 16 16 16 16 17
 17 16 15 17 15 14 14 15 15 15 15 16 15 17 19 20 20 20 21 21 20 23 26 25
 27 23 24 28 20 24 25 24 23 22 21 19 19 21 21 21 20 17 14 15 15 16 16 15
 15 15 16 15 16 16 15 14 16 15 16 16 17 16 16 15 16 16 16 17 17 18 19 17
 16 14 13 14 13 14 15 17 17 18 18 17 18 18 18 17 17 17 17 17 17 17 17 17
 18 17 18 17 17 17 17]