[25 26 25 25 26 25 25 27 28 28 28 29 27 26 23 21 17 20 19 20 22 24 25 26
 28 28 27 30 29 29 27 30 29 29 29 29 30 26 27 27 28 30 30 29 29 31 28 25
 27 26 20 25 23 22 22 22 22 22 23 22 24 22 22 24 23 23 23 26 25 26 29 27
 28 28 26 26 26 26 25 22 24 26 26 23 23 22 22 24 24 21 22 22 21 20 20 21
 23 23 23 23 22 22 23 21 22 22 22 22 22 21 19 19 20 21 21 21 22 22 22 22
 22 21 21 21 21 21 20 20 20 20 20 20 21 21 21 21 21 21 22 22 22 23 22 22
 21 21 22 21 21 21 20 20 21 21 21 21 21 21 21 20 18 19 21 20 20 19 20 20
 20 20 21 25 25 24 24 24 24 24 22 23 24 24 25 24 23 22 22 24 24 24 24 24
 25 23 23 25 26 24 24 24 24 24 22 21 22 23 22 23 25 25 24 22 22 23 22 23
 23 23 23 21 22 21 20 20 22 24 24 25 26 25 25 25 24 24 23 23 23 23 23 24
 26 26 24 25 27 28 28 28 26 26 26 25 24 24 23 23 25 24 26 26 26 26 26 26
 27 27 26 25 26 26 24 25 24 26 26 24 25 26 24 24 24 23 22 23 22 23 24 25
 25 25 24 26 26 25 25 27 26 26 25 25 24 24 24 25 25 23 24 23 20 21 21 22
 23 22 23 24 23 23 22 22 23 23 21 21 22 22 22 23 23 24 24 23 23 23 23 22
 22 22 22 22 22 22 22 23 23 22 23 23 23 23 23 23 23 23 22 21 20 20 19 19
 20 20 20 20 21 20 21 21 21 21 22 22 22 22 22 22 22 23 23 24 25 24 23 24
 24 23 23 24 23 23 23 23 23 23 23 23 23 23 25 24 24 24 24 23 23 24 25 24
 24 25 25 25 25 23 24 23 23 23 24 25 24 25 25 25 24 24 24 23 23 25 24 24
 26 25 25 24 23 25 24 24 23 23 23 22 22 21 22 22 22 23 24 23 25 24 24 24
 24 24 24 24 23 22 23 22 23 24 23 23 23 22 22 22 22 21 22 23 22 23 23 23
 23 22 22 22 23 22 23 24 23 23 23 26 26 26 26 25 24 25 25 25 25 25 24 24
 25 27 26 26 26 25 26 26 24 24 23 23 24 25 24 24 21 20 21 20 21 21 23 23
 23 26 27 27 26 26 26 26 26 25 25 24 25 25 25 26 27 27 26 26 26 26 26 26
 26 26 25 25 26 26 26 26 26 26 26 26 26 26 27 27 27 27 26 27 26 26 27 27
 27 26 27 28 29 28 29 29 30 29 29 28 26 21 23 27 26 27 28 27 26 25 26 27
 28 29 29 28 28 28 28 29 29 29 30 29 29 30 29 29 30 31 30 30 29 30 27 26
 29 29 29 29 28 28 28 28 28 28 28 28 27 26 26 24 24 19 18 17 17 18 19 20
 21 20 24 21 28 28 28 25 24 24 24 25 25 24 25 23 23 23 22 22 23 23 23 23
 24 24 24 23 24 24 24 24 24 24 24 23 22 23 24 24 25 25 25 25 25 24 24 24
 24 23 23 23 22 23 23 23 24 24 24 24 26 26 25 24 25 24 25 23 24 24 24 23
 24 25 24 24 26 26 27 27 27 26 26 26 26 25 24 25 25 26 24 25 26 26 26 26
 26 26 26 26 26 27 27 26 24 25 25 24 24 25 25 25 25 26 26 25 25 25 26 24
 24 26 24 24 23 22 22 22 24 25 23 24 27 27 28 28 29 28 27 25 24 24 24 24
 23 24 24 23 24 23 22 22 23 23 24 25 25 27 26 26 26 25 25 23 22 23 23 22
 23 24 24 26 27 27 26 27 27 26 26 26 26 25 23 24 23 23 24 25 27 27 27 27
 27 27 27 26 27 27 26 25 25 24 23 22 23 24 24 24 26 27 27 27 27 27 27 25
 26 25 24 24 25 25 25 25 26 27 26 27 27 28 27 27 27 26 27 26 26 25 24 25
 26 26 26 26 26 26 25 25 25 24 25 26 25 25 25 23 22 23 23 23 24 25 26 26
 26 26 26 26 25 26 26 27]