<<<<<<< HEAD
[20 19 20 20 20 19 19 19 20 20 21 20 19 19 19 19 19 19 19 19 19 20 20 21
 20 19 20 20 20 19 19 19 20 20 20 20 19 20 20 20 20 20 20 20 20 20 20 20
 20 20 20 20 20 20 20 20 20 20 20 20 20 20 20 20 20 20 20 20 20 20 20 20
 20 20 20 20 20 20 20 20 20 20 20 20 20 20 20 20 20 20 20 20 20 20 20 20
=======
[20 19 20 20 20 19 19 19 20 20 21 20 19 19 19 19 19 19 19 19 19 20 20 21
 20 19 20 20 20 19 19 19 20 20 20 20 19 20 20 20 20 20 20 20 20 20 20 20
 20 20 20 20 20 20 20 20 20 20 20 20 20 20 20 20 20 20 20 20 20 20 20 20
 20 20 20 20 20 20 20 20 20 20 20 20 20 20 20 20 20 20 20 20 20 20 20 20
>>>>>>> 5f76680e (Initial commit)
 20 20 20 20 20 20 20]