[29 29 29 27 24 24 26 26 24 26 30 28 25 25 27 30 30 24 28 26 23 23 21 20
 20 21 19 19 18 21 23 24 19 21 22 24 28 29 25 21 25 27 24 24 23 23 22 24
 24 20 21 22 26 22 21 25 23 19 20 20 19 19 21 20 20 22 21 20 21 19 18 20
 21 21 23 21 16 15 19 19 16 17 16 13 12 16 19 18 17 18 18 19 19 19 19 19
 19 19 18 18 13 14 15 14 16 17 19 20 20 20 19 19 19 18 12 12 15 17 15 14
 15 14 12 15 15 15 14 14 13 13 15 16 17 17 18 18 19 19 19 18 19 21 21 22
 21 20 18 17 19 20 19 19 19 20 19 19 19 19 20 19 17 19 20 20 20 21 21 17
 17 17 16 19 21 19 21 22 23 25 26 24 21 15 19 18 16 14 17 16 16 16 16 17
 19 20 17 16 19 19 17 14 16 18 21 21 20 21 20 20 21 23 26 26 22 20 21 24
 24 23 20 19 20 21 21 20 20 20 20 21 23 20 18 19 20 22 20 18 19 17 18 18
 18 16 16 16 17 18 17 17 18 19 17 18 19 18 18 19 19 17 18 22 22 21 21 21
 21 21 21 20 20 17 13 13 15 18 25 24 24 25 25 25 21 14 12 14 21 23 22 23
 22 21 22 20 17 20 16 13 12 13 13 14 15 14 14 14 14 14 13 13 13 13 13 13
 13 12 13 14 14 14 13 13 13 13 13 13 13 13 13 13 13 14 14 14 13 13 14 14
 14 13 13 13 13 13 13 13 13 13 13 13 13 13 13 13 13 13 13 13 13 13 13 13
 13 13 14 14 13 13 13 14 14 13 13 13 14 14 14 13 14 14 14 14 14 14 14 14
 14 14 14 14 14 14 14 14 14 14 15 15 15 16 16 17 15 14 14 14 14 14 14 14
 14 14 14 14 14 14 14 14 14 14 14 14 14 14 13 14 14 14 14 14 14 14 14 15
 15 14 14 14 14 13 14 14 14 14 14 14 13 13 13 13 13 13 13 13 13 13 13 13
 13 14 14 14 14 14 14 14 15 15 15 15 16 15 16 17 17 16 16 16 16 17 17 17
 16 17 16 16 16 17 17 17 16 16 17 18 18 19 20 22 22 21 22 20 19 19 20 20
 19 18 18 19 19 18 17 16 16 15 15 15 14 14 14 15 15 15 15 16 17 17 17 17
 17 16 16 16 16 17 17 17 16 16 16 17 18 18 17 15 15 15 16 15 15 15 15 16
 17 18 19 19 19 17 16 17 17 17 17 16 16 16 15 16 17 16 15 14 15 17 18 17
 16 16 15 16 17 19 19 19 17 17 17 19 20 20 19 17 16 16 15 15 16 18 18 18
 18 18 17 17 18 18 19 20 20 20 22 22 20 19 20 21 21 20 19 20 20 21 21 21
 21 21 17 16 17 17 17 16 17 15 15 16 16 16 16 16 16 17 17 17 17 17 16 16
 17 17 16 16 16 15 16 15 16 18 17 17 17 17 17 18 17 17 17 16 16 16 17 15
 15 15 15 14 15 16 15 15 16 16 16 15 15 16 16 17 17 16 16 17 17 18 17 18
 18 17 16 16 16 17 18 18 18 17 17 18 19 20 20 20 19 18 19 19 20 21 20 20
 20 20 21 23 22 21 20 19 18 18 21 20 20 20 22 23 23 24 23 22 18 16 16 16
 16 15 16 17 16 16 16 17 16 17 17 17 17 15]